	A[C>A]A	A[C>A]C	A[C>A]G	A[C>A]T	C[C>A]A	C[C>A]C	C[C>A]G	C[C>A]T	G[C>A]A	G[C>A]C	G[C>A]G	G[C>A]T	T[C>A]A	T[C>A]C	T[C>A]G	T[C>A]T	A[C>G]A	A[C>G]C	A[C>G]G	A[C>G]T	C[C>G]A	C[C>G]C	C[C>G]G	C[C>G]T	G[C>G]A	G[C>G]C	G[C>G]G	G[C>G]T	T[C>G]A	T[C>G]C	T[C>G]G	T[C>G]T	A[C>T]A	A[C>T]C	A[C>T]G	A[C>T]T	C[C>T]A	C[C>T]C	C[C>T]G	C[C>T]T	G[C>T]A	G[C>T]C	G[C>T]G	G[C>T]T	T[C>T]A	T[C>T]C	T[C>T]G	T[C>T]T	A[T>A]A	A[T>A]C	A[T>A]G	A[T>A]T	C[T>A]A	C[T>A]C	C[T>A]G	C[T>A]T	G[T>A]A	G[T>A]C	G[T>A]G	G[T>A]T	T[T>A]A	T[T>A]C	T[T>A]G	T[T>A]T	A[T>C]A	A[T>C]C	A[T>C]G	A[T>C]T	C[T>C]A	C[T>C]C	C[T>C]G	C[T>C]T	G[T>C]A	G[T>C]C	G[T>C]G	G[T>C]T	T[T>C]A	T[T>C]C	T[T>C]G	T[T>C]T	A[T>G]A	A[T>G]C	A[T>G]G	A[T>G]T	C[T>G]A	C[T>G]C	C[T>G]G	C[T>G]T	G[T>G]A	G[T>G]C	G[T>G]G	G[T>G]T	T[T>G]A	T[T>G]C	T[T>G]G	T[T>G]T
TCGA-OR-A5J1-01A-11D-A29I-10	0	0	0	0	0	0	0	0	0	0	0	1	0	0	0	0	2	1	0	1	0	0	0	0	0	0	0	0	0	1	0	1	0	1	5	1	1	0	1	1	2	4	1	1	0	1	2	0	0	0	0	0	0	0	1	0	0	0	0	0	0	0	0	0	0	0	0	0	0	0	0	0	0	0	1	0	0	0	2	0	0	0	0	0	0	1	1	0	0	0	0	0	1	1	0	0
TCGA-OR-A5J2-01A-11D-A29I-10	1	0	0	0	0	2	0	1	0	0	0	0	3	1	0	1	0	0	0	0	0	0	0	0	0	1	0	0	0	1	0	1	1	1	5	0	1	0	2	0	2	2	2	0	1	2	1	0	1	0	0	0	0	1	1	0	0	1	0	0	0	0	0	0	1	0	1	0	0	0	0	0	0	0	0	0	0	0	0	0	0	0	0	0	0	0	0	1	0	0	0	0	1	0	0	1
TCGA-OR-A5J3-01A-11D-A29I-10	0	0	0	0	0	0	0	0	2	0	0	0	1	0	0	1	0	0	0	0	0	0	1	0	1	0	0	0	0	1	0	0	0	0	3	1	0	0	0	0	0	0	0	0	0	1	1	0	0	0	0	0	1	0	0	0	1	0	0	0	0	0	0	0	0	0	0	0	1	0	0	0	0	0	0	0	1	0	0	0	0	0	0	0	0	0	0	0	0	0	0	0	0	0	0	0
TCGA-OR-A5J4-01A-11D-A29I-10	2	1	0	4	2	4	1	5	3	2	0	1	7	3	0	3	1	0	0	1	2	1	0	2	1	3	0	1	8	6	3	9	3	3	3	2	0	1	1	2	3	6	4	4	3	3	3	2	0	0	1	0	1	1	0	3	0	1	0	1	0	1	1	0	1	2	1	2	0	2	2	1	2	3	0	1	1	0	1	0	0	0	0	1	0	0	0	0	1	0	1	1	1	2	0	0
TCGA-OR-A5J5-01A-11D-A29I-10	1	1	0	0	1	5	2	5	1	0	0	1	1	0	0	2	0	0	0	0	0	0	0	0	0	2	0	0	0	0	0	0	1	0	126	0	1	6	85	1	11	4	96	2	0	0	52	0	0	1	0	0	0	0	0	0	0	0	0	1	0	0	0	0	1	1	2	0	2	0	1	1	7	1	0	1	3	0	2	1	0	0	0	0	0	0	0	0	0	0	0	0	1	0	0	0
TCGA-OR-A5J6-01A-31D-A29I-10	0	1	1	0	0	1	0	0	0	0	0	0	0	0	2	0	0	0	0	1	1	0	0	0	0	0	0	0	0	1	1	1	0	0	0	0	0	3	2	0	0	0	1	0	0	1	1	2	0	0	2	0	0	0	1	0	0	0	0	0	0	0	0	0	3	0	2	2	1	0	2	0	1	0	2	0	0	0	0	0	0	0	0	0	0	0	0	0	0	0	0	0	0	0	0	0
TCGA-OR-A5J7-01A-11D-A29I-10	1	0	0	0	0	0	0	0	1	0	0	1	0	2	0	3	1	2	0	0	0	0	0	0	0	0	0	0	2	6	0	4	0	1	6	0	2	0	2	2	2	0	1	2	1	1	2	1	0	0	0	0	0	0	0	1	0	1	0	0	0	0	0	1	0	0	0	0	0	0	0	1	0	1	0	0	0	2	0	0	1	0	0	0	0	1	0	0	0	0	0	0	0	0	0	0
TCGA-OR-A5J8-01A-11D-A29I-10	4	1	1	2	4	2	3	7	6	3	1	3	11	10	3	10	0	2	2	0	1	0	0	0	1	3	0	1	1	2	0	0	2	0	1	0	2	2	3	2	3	3	6	0	0	0	0	0	1	0	0	0	0	0	0	1	0	1	0	0	0	0	0	0	1	0	0	0	1	1	1	1	1	0	0	0	1	0	1	0	0	0	0	0	0	0	0	2	0	0	0	0	0	0	1	1
TCGA-OR-A5J9-01A-11D-A29I-10	0	0	0	1	0	1	0	0	1	0	0	0	0	0	1	0	0	2	0	0	1	0	0	0	0	1	0	1	1	2	0	3	0	0	4	0	0	1	4	0	2	0	2	0	0	1	0	0	0	1	1	0	0	0	0	0	0	0	0	0	0	0	0	0	1	0	0	0	0	0	0	0	1	1	0	1	0	0	0	0	0	0	0	0	0	0	0	0	0	0	0	1	1	0	0	0
TCGA-OR-A5JA-01A-11D-A29I-10	10	5	0	4	41	14	10	21	70	16	5	41	94	50	14	99	0	0	0	1	0	0	0	2	1	2	0	0	1	1	0	1	0	1	1	0	0	0	1	2	1	0	4	2	4	2	1	0	0	0	1	0	0	1	1	0	0	0	0	0	0	0	0	0	1	1	1	1	0	1	0	1	0	0	0	0	0	0	1	0	0	0	0	0	0	0	1	0	0	0	0	0	0	0	0	0
TCGA-OR-A5JB-01A-11D-A29I-10	10	8	4	6	20	24	14	15	6	7	9	4	9	16	4	8	2	2	1	2	0	2	2	3	3	0	3	0	15	5	2	17	4	1	5	3	8	3	6	8	2	3	1	0	26	9	9	15	4	1	6	0	2	4	6	2	1	2	4	0	1	1	2	1	2	1	6	1	4	0	4	4	2	0	0	0	0	0	1	0	1	0	0	0	0	1	0	0	1	0	0	0	0	0	0	0
TCGA-OR-A5JC-01A-11D-A29I-10	0	0	0	0	1	1	1	1	0	0	0	0	0	1	0	0	0	0	0	1	0	0	0	0	0	1	0	0	0	1	0	1	0	0	4	0	1	0	2	0	1	0	1	0	0	1	0	0	0	0	0	1	0	2	1	0	0	0	1	0	0	0	0	0	0	1	0	0	0	0	1	0	1	0	0	0	0	0	1	0	0	0	0	0	0	0	0	0	0	0	0	0	0	0	0	0
TCGA-OR-A5JD-01A-11D-A29I-10	0	0	1	0	1	0	1	1	0	0	0	1	0	1	0	0	0	0	0	0	1	0	0	1	1	1	0	0	0	0	0	0	2	3	1	0	1	0	3	2	2	1	2	0	0	0	1	0	0	1	0	0	0	0	0	0	0	0	0	0	0	1	0	0	1	0	1	1	0	0	0	1	0	0	0	0	0	0	0	1	0	0	0	0	0	0	0	0	0	0	0	0	0	0	0	0
TCGA-OR-A5JE-01A-11D-A29I-10	0	1	0	0	1	1	0	0	2	0	1	0	1	3	0	1	1	1	1	0	0	0	0	0	0	0	1	1	4	2	0	0	2	0	5	2	1	4	6	1	1	1	0	1	2	3	0	0	0	0	1	0	0	0	1	0	0	0	1	0	0	0	0	0	0	2	1	0	0	0	3	0	0	0	0	1	0	0	1	0	0	0	0	1	0	1	0	0	0	0	1	0	0	0	0	1
TCGA-OR-A5JF-01A-11D-A29I-10	2	2	0	2	2	2	1	1	0	1	1	0	2	1	0	2	1	1	0	0	3	2	1	3	1	1	0	1	0	3	0	5	1	1	4	0	1	2	1	2	0	0	1	0	3	5	1	2	0	0	0	0	1	1	0	1	0	0	1	0	0	0	0	0	0	0	0	0	0	1	1	1	0	1	2	0	0	1	0	0	0	2	0	0	0	0	0	0	0	0	1	0	1	0	1	0
TCGA-OR-A5JG-01A-11D-A29I-10	1	1	0	0	0	0	0	0	0	0	0	0	0	0	0	0	0	1	0	0	0	0	0	0	0	0	0	0	0	2	0	3	0	1	2	0	0	0	3	2	3	2	3	0	1	1	1	0	0	0	0	0	0	0	1	0	0	0	0	0	0	0	1	0	1	1	0	0	0	0	0	0	1	0	0	0	3	0	0	0	0	0	0	0	0	0	0	0	0	0	0	0	0	0	0	0
TCGA-OR-A5JH-01A-11D-A30A-10	0	1	0	0	1	1	0	0	0	2	0	0	0	1	0	0	0	0	0	0	0	0	0	0	0	0	0	0	0	0	0	0	0	0	0	0	0	0	0	0	1	0	0	0	0	0	0	0	0	0	0	0	0	0	1	0	0	0	0	0	0	0	0	0	0	0	1	0	0	0	0	0	0	0	0	0	0	0	0	0	0	0	0	0	0	1	0	0	0	0	0	0	0	0	0	0
TCGA-OR-A5JI-01A-11D-A29I-10	0	0	0	0	0	0	0	0	0	0	0	0	0	1	0	0	0	0	0	0	0	1	0	0	0	0	0	0	0	0	0	0	0	1	1	0	0	0	0	0	0	0	0	0	1	0	0	0	0	1	1	0	0	0	0	0	0	0	0	0	0	0	0	0	0	0	1	2	0	0	0	0	0	0	0	0	0	0	0	0	0	0	0	0	0	0	0	0	0	0	0	0	0	0	0	0
TCGA-OR-A5JJ-01A-11D-A29I-10	0	0	0	1	0	2	0	0	0	0	0	0	0	0	0	0	1	0	0	0	0	0	1	1	0	0	0	0	0	0	0	1	1	1	0	1	1	1	1	0	0	0	0	2	0	0	2	1	0	0	0	0	0	0	1	0	0	0	0	0	0	0	0	0	0	0	0	0	0	0	0	0	0	0	0	0	0	0	0	0	0	0	0	0	0	1	0	0	0	0	0	0	0	0	0	0
TCGA-OR-A5JK-01A-11D-A29I-10	0	0	0	0	0	0	0	0	0	0	0	1	1	0	0	1	0	1	0	0	0	0	0	0	0	0	0	1	2	0	0	1	0	2	1	0	0	1	2	1	0	0	0	0	1	0	2	2	0	0	0	0	1	0	0	0	0	0	1	0	0	0	2	0	3	0	2	0	0	0	0	1	0	0	0	0	0	0	1	0	0	0	0	0	0	0	1	0	0	0	0	0	0	0	0	0
TCGA-OR-A5JL-01A-11D-A29I-10	0	0	0	0	0	1	1	0	0	0	0	0	0	0	0	0	0	0	0	1	0	0	0	0	0	0	1	0	0	0	0	0	1	0	1	0	1	0	1	0	0	0	0	0	0	0	0	1	0	0	1	0	0	0	0	0	0	0	0	0	0	0	0	0	0	0	1	0	0	0	0	0	0	0	0	0	1	0	0	0	0	0	0	0	0	0	0	0	0	0	0	0	1	0	0	1
TCGA-OR-A5JM-01A-11D-A29I-10	0	0	1	0	1	0	0	0	0	1	2	2	2	1	2	2	2	1	1	0	0	0	1	1	0	3	0	1	2	1	0	3	1	1	4	0	2	1	4	1	2	2	4	0	3	2	0	5	0	1	0	0	0	0	0	1	0	0	0	0	0	0	0	0	2	0	1	2	1	0	0	0	1	0	0	0	1	0	2	0	0	0	0	0	0	1	0	1	0	0	0	0	0	0	1	0
TCGA-OR-A5JO-01A-11D-A29I-10	0	0	0	0	1	0	0	0	0	0	0	0	1	0	0	0	0	0	0	0	0	0	0	1	0	0	0	0	0	0	0	0	0	0	1	0	1	1	1	0	0	0	0	0	1	0	1	0	0	0	0	0	0	0	0	0	0	0	0	0	0	0	0	0	1	0	1	1	0	1	0	1	0	0	0	0	0	1	0	0	0	0	0	0	0	0	0	0	0	0	0	0	0	0	0	0
TCGA-OR-A5JP-01A-11D-A29I-10	0	0	1	0	4	2	0	1	1	1	3	1	3	3	0	1	0	0	1	0	0	2	0	2	0	1	0	3	4	3	1	3	0	1	6	0	0	0	3	3	0	0	3	1	2	1	2	3	0	0	0	0	1	0	0	0	0	2	0	0	0	0	0	0	2	0	1	1	0	1	0	0	1	0	0	1	0	2	0	0	0	1	0	0	0	0	1	1	0	1	2	0	0	0	0	0
TCGA-OR-A5JQ-01A-11D-A29I-10	0	0	0	0	0	0	1	0	0	0	1	0	0	0	0	0	0	0	0	0	0	0	0	1	0	0	0	0	0	0	1	0	0	0	0	0	0	1	1	0	0	0	1	0	0	0	0	0	0	0	0	0	0	0	1	0	0	0	1	0	0	0	0	0	0	1	0	0	0	0	0	0	0	0	0	0	0	0	0	0	0	0	0	0	0	0	0	0	0	0	0	0	0	0	0	0
TCGA-OR-A5JR-01A-11D-A29I-10	0	0	0	0	0	0	0	0	0	0	0	0	0	0	0	0	0	0	0	1	0	1	0	0	0	0	0	0	0	0	0	0	0	1	0	0	0	0	0	0	0	0	0	0	0	0	1	0	0	0	0	0	0	0	0	0	0	0	0	0	0	0	0	0	0	0	0	0	0	0	0	0	0	0	0	0	0	0	0	1	0	0	0	0	0	0	0	0	0	0	0	0	0	0	0	0
TCGA-OR-A5JS-01A-11D-A29I-10	0	0	0	2	0	0	0	0	1	0	1	0	3	0	0	0	0	0	0	0	1	0	0	0	0	0	0	0	0	1	0	1	0	1	3	0	0	1	1	2	0	1	4	1	6	0	2	2	0	0	0	0	0	1	0	0	0	0	0	0	0	0	0	0	0	1	1	3	0	0	1	2	0	0	0	0	0	0	1	0	1	0	0	0	0	0	0	0	0	0	0	0	0	0	0	0
TCGA-OR-A5JT-01A-11D-A29I-10	0	0	0	0	1	0	1	0	0	2	1	2	0	1	0	0	0	0	0	0	0	0	0	0	0	0	0	0	0	1	0	1	3	1	3	0	0	2	2	0	0	0	1	0	0	3	1	0	0	0	0	0	0	0	0	0	1	0	0	0	1	0	0	0	2	0	2	0	0	0	0	0	0	0	0	1	0	1	0	0	0	0	0	0	0	0	0	0	0	0	0	0	0	0	1	0
TCGA-OR-A5JU-01A-11D-A30A-10	0	0	0	0	0	0	1	0	0	1	0	1	2	0	0	1	0	2	0	0	0	0	0	0	0	0	0	0	0	0	0	0	0	0	1	1	0	0	4	0	0	0	1	0	0	0	0	0	0	0	1	0	0	0	0	0	0	0	0	0	0	1	0	0	0	0	1	0	0	0	1	1	0	1	1	0	1	0	0	0	0	0	0	0	0	0	0	0	0	0	0	0	0	0	0	1
TCGA-OR-A5JV-01A-11D-A29I-10	0	1	1	0	1	2	0	0	0	3	0	0	0	1	0	1	1	3	0	1	1	1	0	0	0	1	0	1	0	0	0	0	0	1	0	2	0	1	2	0	0	1	1	0	0	1	1	0	0	0	1	0	0	0	0	0	0	0	0	1	0	0	0	0	0	0	0	0	0	1	0	0	0	0	0	0	0	1	0	0	0	0	0	0	0	0	0	0	0	0	0	0	0	0	0	0
TCGA-OR-A5JW-01A-11D-A29I-10	1	0	0	1	2	0	2	0	1	1	0	3	1	2	0	0	0	0	0	0	0	0	0	0	1	1	0	0	1	0	0	0	1	2	3	0	0	0	2	1	1	0	0	0	1	0	0	0	1	0	0	0	0	0	0	0	1	0	0	0	0	0	0	0	0	0	0	1	0	0	0	0	0	0	0	1	0	0	0	0	0	0	0	0	0	0	0	0	0	0	0	0	0	0	0	0
TCGA-OR-A5JX-01A-11D-A29I-10	0	2	0	0	0	0	0	1	0	1	0	0	0	0	0	0	0	0	0	0	0	1	0	1	0	0	0	0	2	1	0	2	1	0	1	1	0	1	1	0	1	0	1	1	2	2	2	1	0	0	0	0	0	0	2	0	0	0	0	0	0	0	0	1	1	2	2	0	0	0	0	0	0	0	0	2	0	0	0	0	1	0	1	0	0	0	0	0	0	0	0	0	0	0	0	0
TCGA-OR-A5JY-01A-31D-A29I-10	0	2	0	0	1	0	1	3	2	1	0	2	1	2	0	1	0	0	0	1	0	5	0	2	1	1	0	0	2	1	0	3	0	0	3	0	1	0	3	1	2	2	4	0	4	5	3	1	0	0	1	0	1	2	1	1	0	1	1	0	0	0	0	0	0	0	2	0	0	3	0	1	0	0	1	1	0	2	1	0	0	0	0	0	1	0	2	0	0	0	0	0	0	0	0	0
TCGA-OR-A5JZ-01A-11D-A29I-10	0	0	0	0	0	0	0	0	0	1	0	0	0	0	0	0	0	0	0	0	0	0	0	0	0	0	0	0	0	0	0	0	1	0	1	0	0	0	1	1	1	0	1	1	0	1	2	1	1	0	0	0	0	0	0	0	0	0	0	0	0	0	0	0	0	0	1	1	0	0	0	0	0	0	1	2	0	1	0	0	0	0	0	0	0	0	0	0	0	0	0	0	0	0	0	0
TCGA-OR-A5K0-01A-11D-A29I-10	2	1	1	0	0	1	3	1	3	1	1	0	1	0	1	0	0	0	2	0	0	0	1	1	0	0	0	1	1	0	1	3	2	0	0	1	4	3	1	4	0	0	1	0	3	3	2	1	0	0	1	0	0	0	2	0	0	0	0	1	0	2	1	1	2	2	1	0	1	0	0	0	0	0	0	1	1	0	0	1	0	0	0	0	0	0	0	0	0	0	0	0	0	0	0	0
TCGA-OR-A5K1-01A-11D-A29I-10	0	1	0	0	0	0	0	0	0	0	0	0	0	0	0	0	1	0	0	0	1	0	0	0	0	0	0	0	0	0	0	0	0	0	1	0	0	0	1	2	0	0	0	0	1	0	0	0	0	1	0	0	0	0	1	1	0	0	0	0	0	0	0	0	1	0	0	0	0	0	0	0	0	0	0	1	0	0	0	1	0	0	0	0	0	0	0	0	0	0	0	0	0	0	0	0
TCGA-OR-A5K2-01A-11D-A29I-10	1	1	0	1	3	1	0	4	1	0	0	0	0	1	0	1	0	0	1	1	3	0	2	1	0	1	0	0	1	0	1	2	0	1	1	0	0	3	7	1	0	0	1	2	0	3	0	2	0	0	0	0	0	0	2	1	0	0	0	0	1	0	0	1	1	0	0	1	0	2	3	0	0	0	0	2	0	0	0	0	0	0	1	0	0	0	0	0	0	0	0	1	0	1	1	0
TCGA-OR-A5K3-01A-11D-A29I-10	0	0	0	0	3	0	1	0	1	0	0	0	0	0	0	0	1	0	0	0	0	0	1	2	0	0	0	0	0	0	0	0	0	0	1	0	0	0	0	0	0	0	2	0	0	0	0	0	0	0	0	0	0	0	0	0	0	0	1	0	0	0	0	0	0	0	1	1	0	1	0	0	0	1	1	0	0	1	0	0	0	0	0	1	0	0	0	0	0	0	0	0	0	0	0	0
TCGA-OR-A5K4-01A-11D-A29I-10	1	0	0	0	0	1	0	3	0	0	0	0	0	1	0	0	0	0	0	0	0	0	0	0	0	0	0	0	1	1	0	1	0	2	63	1	1	1	59	2	5	4	65	4	0	3	29	4	1	2	0	0	0	1	1	1	0	0	0	1	0	0	0	0	0	0	2	0	3	0	2	3	2	2	0	2	3	0	3	2	0	0	0	1	0	0	1	1	0	0	1	0	0	0	0	0
TCGA-OR-A5K5-01A-11D-A29I-10	5	1	2	1	1	3	1	0	1	1	0	2	2	6	0	4	0	0	0	1	0	2	0	2	0	1	1	3	3	1	0	8	3	1	7	1	6	2	6	1	1	1	2	3	2	3	2	5	0	0	0	1	0	1	0	0	0	1	1	0	0	2	0	0	2	0	3	5	0	1	1	2	2	2	3	1	0	2	2	2	0	1	1	0	0	0	2	0	0	1	0	1	0	0	0	1
TCGA-OR-A5K6-01A-11D-A29I-10	0	0	1	0	1	0	0	0	0	1	0	0	2	1	0	0	0	0	0	0	0	1	0	0	0	0	0	0	1	1	2	0	0	0	1	0	2	0	0	0	0	0	1	2	3	0	1	0	0	0	0	0	0	0	0	0	0	0	0	0	0	0	0	0	1	0	1	1	0	0	0	0	0	0	0	1	0	1	0	0	0	0	0	0	0	0	0	1	0	1	0	0	0	0	0	1
TCGA-OR-A5K8-01A-11D-A29I-10	1	0	0	1	0	1	0	0	2	0	0	0	1	0	0	0	1	0	0	0	0	0	0	1	0	0	0	0	2	0	0	2	0	0	1	0	2	0	1	0	1	0	0	0	0	1	0	0	0	0	0	0	0	0	0	0	0	0	0	0	0	0	0	0	0	0	0	0	0	0	0	2	0	1	0	1	0	1	0	0	0	0	0	1	0	1	0	0	0	0	0	0	0	0	0	0
TCGA-OR-A5K9-01A-11D-A29I-10	0	3	1	1	3	2	1	1	1	3	1	0	3	2	0	3	0	1	1	2	3	3	0	1	1	2	2	1	2	4	0	10	1	0	9	1	3	3	2	2	1	2	8	1	5	5	3	6	0	1	0	0	0	3	0	1	0	0	1	0	2	0	1	1	0	0	2	2	0	1	2	0	4	2	3	1	2	4	1	0	0	0	0	1	0	0	2	1	1	1	1	0	0	0	0	0
TCGA-OR-A5KB-01A-11D-A30A-10	64	61	51	50	166	157	94	143	74	84	54	62	70	134	44	77	22	14	7	10	34	26	24	31	17	29	19	11	42	35	16	38	24	20	17	13	41	39	26	40	18	18	18	19	43	33	15	34	6	8	15	3	17	24	58	17	10	5	14	8	5	7	11	5	8	3	12	3	10	4	15	6	9	4	11	5	8	3	5	3	1	0	6	3	1	3	10	3	1	0	3	3	1	3	3	1
TCGA-OR-A5KO-01A-11D-A29I-10	0	0	0	1	2	0	0	1	1	0	0	1	0	2	1	1	1	0	0	0	0	0	1	1	1	0	0	1	0	2	0	0	0	0	1	0	2	0	1	0	0	1	2	0	1	0	0	0	0	0	0	0	0	0	0	0	0	0	0	0	0	0	0	0	0	1	0	0	0	0	0	0	0	0	1	0	0	1	0	1	0	0	0	0	0	0	0	0	0	0	1	0	0	0	0	0
TCGA-OR-A5KP-01A-11D-A30A-10	2	1	1	0	2	0	0	0	0	0	0	0	0	2	1	1	0	0	1	0	0	0	0	1	1	0	0	1	2	2	0	1	2	0	1	1	3	2	4	1	1	4	3	2	1	3	3	3	0	0	0	0	0	0	1	0	0	1	0	0	0	0	0	0	0	1	0	1	2	0	0	1	0	1	1	0	0	1	1	2	0	0	0	0	0	0	0	0	0	0	0	2	0	1	0	0
TCGA-OR-A5KQ-01A-11D-A30A-10	0	0	0	0	0	0	0	0	0	0	1	0	0	0	0	0	0	0	0	0	0	0	0	0	0	0	0	0	0	0	0	1	1	0	3	0	0	0	1	0	0	1	2	0	0	0	0	0	0	0	0	0	0	0	0	0	0	0	0	0	0	0	0	0	0	0	0	0	0	0	0	2	0	0	0	0	0	0	0	0	0	0	0	0	0	0	0	0	0	0	0	0	0	0	0	0
TCGA-OR-A5KS-01A-11D-A30A-10	0	0	0	1	0	0	0	0	0	0	0	0	0	0	0	1	0	0	0	0	0	0	0	0	0	0	0	1	0	0	0	1	0	0	0	0	2	0	1	0	2	0	1	0	1	3	2	1	0	1	0	0	0	0	0	0	0	0	0	0	0	0	0	0	1	0	0	0	0	0	1	0	0	0	0	0	1	0	0	0	0	0	0	0	0	0	0	0	0	0	1	0	0	0	0	0
TCGA-OR-A5KT-01A-11D-A29I-10	0	0	1	0	1	0	0	2	1	0	0	0	1	0	0	0	0	2	0	0	0	1	0	3	0	2	1	0	0	0	0	0	0	1	0	0	1	1	1	0	1	0	0	2	3	1	0	1	1	1	1	0	0	0	0	0	0	0	0	0	0	0	0	0	0	0	0	0	0	0	1	1	0	0	0	1	0	0	1	0	0	0	0	0	0	0	0	0	0	0	0	0	0	0	0	0
TCGA-OR-A5KU-01A-11D-A29I-10	0	0	0	0	0	0	0	0	0	0	0	0	0	0	0	0	0	0	0	0	0	0	0	0	0	0	0	0	0	2	0	0	0	1	5	1	0	0	3	0	0	0	4	0	1	0	3	0	0	0	0	0	0	1	0	0	0	0	0	0	0	0	0	0	0	0	1	1	0	0	1	0	3	0	0	2	0	0	0	0	0	0	0	0	0	0	0	0	0	0	0	0	0	0	0	0
TCGA-OR-A5KV-01A-11D-A29I-10	0	1	0	0	0	0	0	0	0	0	0	0	1	0	0	0	0	0	0	0	0	0	0	1	1	0	0	0	0	1	0	0	0	0	0	0	2	1	2	1	1	0	1	1	0	2	1	2	0	0	1	0	0	0	0	0	0	0	0	0	0	0	0	2	0	0	0	0	0	0	0	0	0	0	0	0	0	0	0	0	0	0	0	0	0	0	0	0	0	0	0	0	0	0	0	0
TCGA-OR-A5KW-01A-11D-A29I-10	0	0	0	0	1	1	0	1	0	0	1	0	1	0	2	1	0	0	1	1	0	0	0	1	0	0	0	0	1	0	1	0	0	0	2	1	0	0	3	2	1	0	1	1	0	0	0	0	0	0	0	0	1	0	0	0	0	0	0	0	0	0	0	0	1	0	0	2	0	0	0	0	1	0	0	0	1	1	0	1	0	0	0	0	0	0	0	0	0	0	0	0	0	0	0	0
TCGA-OR-A5KX-01A-11D-A29I-10	0	0	0	0	0	0	0	1	0	0	0	1	0	0	0	0	0	0	1	1	0	0	0	1	0	1	0	0	0	2	0	3	0	0	2	0	3	2	5	2	1	2	6	0	2	4	1	0	0	0	0	0	0	0	0	0	2	0	0	0	0	0	0	0	0	0	0	1	0	0	0	0	0	0	0	0	0	0	1	0	0	0	0	0	0	0	0	0	0	0	0	0	0	0	2	1
TCGA-OR-A5KY-01A-11D-A29I-10	0	0	0	0	1	0	0	2	4	1	0	0	1	1	0	1	0	0	0	1	1	0	0	0	1	2	0	0	2	0	0	2	0	0	1	0	0	0	0	0	3	0	1	0	0	2	2	1	0	0	0	0	0	0	0	1	0	0	0	0	0	0	0	0	0	0	0	0	0	0	0	0	0	0	0	0	1	0	0	0	0	0	0	1	0	0	0	0	0	0	0	0	0	0	0	0
TCGA-OR-A5KZ-01A-11D-A29I-10	0	0	0	1	0	0	0	0	1	0	0	0	2	0	1	2	0	0	0	1	0	0	0	1	0	0	0	0	0	3	0	1	0	0	1	0	1	0	1	0	0	0	1	1	0	2	1	0	0	0	0	0	0	1	0	0	1	0	0	0	0	0	0	0	0	0	0	1	0	0	0	0	1	0	0	0	1	0	0	0	0	0	0	0	0	0	0	0	0	0	0	0	0	0	0	0
TCGA-OR-A5L1-01A-11D-A30A-10	0	0	0	0	0	0	0	1	0	1	0	0	2	0	0	0	0	0	0	0	0	1	0	0	0	0	0	0	0	0	0	0	0	1	0	0	0	0	0	1	0	0	3	0	0	1	3	0	0	0	0	0	0	2	0	0	0	0	0	0	0	0	0	0	1	0	1	0	0	0	0	0	0	0	1	0	0	1	1	0	0	0	0	1	0	0	1	0	0	0	0	0	0	0	0	0
TCGA-OR-A5L2-01A-11D-A30A-10	2	1	0	0	0	0	0	3	4	0	1	3	1	5	1	4	1	0	0	2	0	3	0	4	2	2	0	2	9	4	0	3	4	2	15	4	3	0	6	4	3	2	8	2	5	5	5	1	1	1	0	1	0	1	1	0	1	2	0	0	0	2	0	2	1	3	0	2	0	3	1	5	1	3	1	1	1	0	2	0	0	0	0	0	0	0	1	0	0	1	1	1	0	0	0	0
TCGA-OR-A5L3-01A-11D-A29I-10	0	0	0	0	0	0	0	1	0	1	1	0	0	0	0	0	0	0	0	0	0	0	1	0	0	1	0	0	0	0	0	0	0	1	1	0	1	0	2	1	2	0	1	1	1	0	2	0	1	0	0	0	1	1	1	0	0	0	0	0	0	0	0	0	0	0	0	3	0	1	3	0	0	0	0	0	0	1	0	0	0	0	1	0	0	0	0	0	0	0	0	0	0	0	0	0
TCGA-OR-A5L4-01A-11D-A29I-10	2	0	0	0	0	1	0	0	1	0	0	0	1	1	1	1	0	0	0	0	0	0	0	0	0	0	0	0	0	1	0	0	0	0	1	0	1	1	0	1	0	0	0	0	3	0	1	1	0	0	0	1	0	0	0	0	0	0	0	0	0	0	0	0	0	0	1	1	0	0	0	0	0	0	1	0	0	0	1	0	0	0	0	0	0	0	0	0	0	0	0	0	0	0	0	0
TCGA-OR-A5L5-01A-11D-A29I-10	0	0	0	0	0	1	0	0	0	0	0	2	0	0	0	0	0	0	0	0	0	0	0	0	0	0	0	1	0	0	0	0	0	0	1	0	0	0	1	0	0	0	0	0	0	1	0	0	0	0	0	0	0	1	0	1	0	0	0	0	0	0	0	0	0	0	0	0	0	0	0	0	0	0	1	0	1	0	0	0	0	0	0	0	0	0	0	0	0	0	0	0	0	0	0	0
TCGA-OR-A5L6-01A-11D-A29I-10	1	1	1	1	0	0	0	0	0	2	0	0	1	0	0	1	0	0	1	0	1	0	0	0	0	0	1	0	0	2	0	1	1	0	1	1	1	1	4	2	0	0	3	2	0	0	2	0	0	0	0	1	0	0	2	0	0	0	1	0	0	0	0	0	2	1	0	0	1	1	0	0	0	0	0	0	2	1	0	0	0	0	1	0	0	0	0	0	0	0	0	0	0	0	0	0
TCGA-OR-A5L8-01A-11D-A29I-10	0	0	0	2	0	0	0	0	0	0	0	0	0	0	0	0	0	0	0	0	0	0	0	0	0	0	0	0	0	0	0	0	0	0	3	1	0	0	2	1	0	0	3	0	1	1	0	0	0	0	1	0	0	0	0	0	0	0	0	0	0	0	0	0	1	0	0	0	1	0	0	0	1	0	0	0	0	1	0	0	0	0	0	0	0	1	0	0	0	0	0	0	0	0	0	1
TCGA-OR-A5L9-01A-11D-A29I-10	0	1	0	0	0	0	0	0	0	0	0	0	0	0	0	0	0	0	0	0	0	0	0	0	0	0	0	2	0	0	0	0	0	0	1	0	0	0	1	0	0	0	0	0	0	1	0	0	0	0	0	0	0	0	0	0	0	0	0	0	0	0	0	0	0	0	0	0	0	0	0	0	0	1	0	0	0	0	0	0	0	0	0	0	0	0	0	1	1	0	0	0	0	0	0	0
TCGA-OR-A5LA-01A-11D-A29I-10	0	0	0	0	0	0	0	0	0	0	0	1	0	1	0	0	0	0	0	0	0	0	0	0	0	0	0	0	0	0	0	0	0	0	2	1	0	0	0	0	0	0	1	0	0	0	1	2	0	0	0	0	0	0	0	0	0	0	1	0	0	0	0	0	1	0	0	1	0	0	0	0	0	0	0	0	0	0	0	0	0	0	0	0	1	0	0	0	0	0	0	0	0	0	0	0
TCGA-OR-A5LB-01A-11D-A29I-10	2	0	0	0	2	0	2	6	5	2	2	3	2	1	1	1	0	0	0	0	0	0	0	1	0	0	1	0	0	0	0	1	2	3	29	1	2	0	21	1	12	10	38	9	0	3	12	2	0	1	1	2	1	0	0	1	1	1	0	0	0	0	1	0	1	0	1	2	2	2	2	0	3	3	4	1	1	2	1	1	0	0	1	0	0	2	1	0	0	0	0	0	1	0	0	0
TCGA-OR-A5LC-01A-11D-A29I-10	1	1	0	1	1	4	0	3	1	2	1	0	0	1	0	0	0	0	0	1	1	1	0	0	0	0	0	0	1	0	0	2	0	0	4	1	1	0	3	0	1	3	2	0	0	5	0	2	0	0	0	0	0	0	1	0	0	0	0	0	0	0	0	0	1	0	0	0	0	0	2	0	0	0	0	1	0	1	0	0	0	0	0	0	0	0	1	0	0	0	0	0	0	0	0	0
TCGA-OR-A5LD-01A-11D-A29I-10	0	1	0	1	1	0	1	0	1	0	0	0	0	1	0	0	0	1	0	3	1	2	1	1	0	0	0	0	0	2	0	3	1	0	3	0	0	2	6	2	3	2	5	0	1	2	5	1	0	0	0	0	0	2	1	0	0	0	0	0	0	1	0	0	1	0	0	1	0	1	1	0	0	2	1	0	0	0	0	0	1	0	0	0	0	0	3	0	0	0	0	0	0	0	0	2
TCGA-OR-A5LE-01A-11D-A29I-10	0	0	0	0	0	0	0	0	0	0	0	0	0	0	0	0	0	0	0	0	0	0	0	0	0	0	0	0	1	0	0	2	0	0	2	1	2	0	1	0	0	0	2	0	0	0	1	0	0	0	0	0	0	0	0	0	0	0	0	1	0	1	0	0	0	0	0	1	0	0	0	0	2	1	2	0	0	0	0	0	0	0	1	0	0	0	0	0	0	0	0	0	0	0	0	0
TCGA-OR-A5LF-01A-11D-A30A-10	0	1	0	0	0	0	0	1	1	0	0	0	0	0	0	0	0	0	0	0	0	0	0	1	0	0	1	0	0	0	0	0	0	0	3	0	0	1	1	1	0	0	1	1	0	2	0	1	0	0	0	0	0	0	0	0	0	0	0	0	0	0	0	0	0	1	1	1	0	1	1	1	0	0	0	0	0	0	0	0	0	0	0	0	0	0	0	1	0	0	0	0	0	0	0	0
TCGA-OR-A5LG-01A-11D-A29I-10	0	0	0	0	2	0	0	0	0	0	0	3	0	1	0	1	0	0	0	0	1	0	0	0	0	1	0	0	1	1	0	1	1	0	1	0	1	0	1	0	1	1	0	0	2	1	0	2	0	0	0	0	0	0	0	0	0	0	0	0	0	0	0	0	0	0	1	1	0	0	0	0	0	0	0	0	2	0	0	0	0	0	0	0	0	0	0	0	0	0	0	0	0	0	0	0
TCGA-OR-A5LH-01A-11D-A29I-10	0	0	0	0	0	0	0	0	0	0	0	0	0	0	0	0	0	0	0	0	0	0	0	0	0	0	0	0	0	0	0	0	0	0	0	0	0	1	1	0	0	1	1	0	0	0	0	0	0	0	0	0	0	0	0	1	0	0	0	0	0	0	0	0	0	0	0	0	0	0	0	0	0	0	0	1	0	0	0	0	0	0	0	0	0	0	0	0	0	0	0	0	1	0	1	0
TCGA-OR-A5LI-01A-11D-A30A-10	1	0	0	0	0	1	0	0	1	0	1	0	1	1	0	1	0	1	1	0	2	0	0	2	0	0	0	1	1	2	0	2	1	1	1	0	3	3	7	2	1	3	2	2	1	3	5	2	0	0	0	0	0	1	0	0	0	0	0	1	0	0	0	0	2	1	0	2	0	0	1	0	0	1	2	0	1	0	0	0	1	0	0	0	0	0	2	0	0	0	0	0	0	0	0	0
TCGA-OR-A5LJ-01A-11D-A29I-10	4	0	0	1	2	6	1	7	3	3	1	2	1	2	1	2	1	0	0	2	0	0	1	0	1	2	0	2	1	0	1	4	5	2	111	2	3	3	67	4	13	12	102	8	3	6	40	4	1	0	0	0	0	1	1	1	0	0	1	0	0	0	0	1	4	1	0	1	1	0	2	0	2	2	1	1	5	2	5	3	0	1	1	1	0	0	0	2	0	0	1	0	0	0	0	1
TCGA-OR-A5LK-01A-11D-A29I-10	1	3	0	1	0	0	1	2	1	0	0	2	0	0	1	1	1	0	0	0	1	0	0	0	0	1	0	1	1	1	0	0	0	0	8	0	0	2	4	0	0	0	5	1	0	1	2	1	0	1	0	0	0	0	1	0	1	1	0	1	0	0	0	0	0	0	2	0	0	1	0	0	0	1	0	2	0	1	0	0	0	2	0	0	0	0	0	0	0	0	0	0	0	0	0	0
TCGA-OR-A5LL-01A-11D-A29I-10	1	0	0	0	2	1	0	0	0	1	1	0	0	1	0	1	1	0	0	0	0	1	0	4	0	0	0	0	0	1	0	0	4	0	0	0	0	4	6	0	4	2	5	2	3	3	3	0	0	0	1	0	0	0	1	0	0	1	0	0	0	0	0	0	0	0	0	0	0	0	1	0	0	0	0	0	2	1	0	0	0	0	0	2	0	1	0	1	0	0	1	0	0	0	0	0
TCGA-OR-A5LM-01A-11D-A29I-10	1	0	0	0	0	0	1	0	1	0	0	0	0	0	1	0	0	1	0	0	0	0	0	0	0	1	0	0	0	1	0	1	0	2	3	0	1	1	1	2	0	0	2	0	1	0	4	0	1	0	0	0	0	1	0	0	0	0	0	0	0	1	0	0	0	0	0	1	1	0	1	0	1	0	0	0	0	0	0	0	0	0	0	0	0	0	0	0	0	0	0	0	0	0	0	0
TCGA-OR-A5LN-01A-11D-A29I-10	1	1	0	0	0	0	0	0	0	0	0	1	0	0	0	0	1	0	0	0	0	0	0	1	0	0	0	0	0	0	1	1	0	0	2	0	0	0	0	2	0	0	0	0	0	0	1	0	0	0	0	0	0	0	0	0	0	0	0	0	0	0	0	0	0	0	0	0	0	0	0	0	1	0	1	0	0	1	0	0	0	0	0	0	1	0	0	0	0	0	0	0	0	0	0	0
TCGA-OR-A5LO-01A-11D-A29I-10	0	3	1	0	1	2	0	1	6	0	0	2	2	1	1	1	1	3	1	0	1	2	1	0	1	0	0	0	10	4	0	8	1	0	1	0	2	1	2	2	0	1	4	0	5	2	3	3	0	0	0	0	0	0	1	0	0	1	0	0	0	0	0	1	0	0	0	2	0	1	1	0	1	1	0	0	0	0	0	1	0	0	0	0	0	0	0	0	0	0	0	0	0	0	1	0
TCGA-OR-A5LP-01A-11D-A29I-10	0	1	0	0	0	0	1	0	1	0	0	0	0	0	1	0	0	0	0	1	0	0	0	0	0	1	0	0	0	0	0	0	0	0	2	0	0	0	0	0	0	0	3	1	1	0	0	0	0	0	1	1	0	0	0	0	0	0	0	0	0	0	0	1	0	0	1	1	0	0	0	0	1	0	0	0	0	0	0	0	0	0	0	0	0	0	0	0	0	0	0	0	0	0	0	0
TCGA-OR-A5LR-01A-11D-A29I-10	0	0	0	0	0	0	0	1	0	0	0	0	0	1	0	0	0	0	0	0	0	0	0	0	0	0	0	0	0	0	0	0	0	0	1	0	0	0	1	0	0	1	1	0	0	0	0	0	0	0	0	1	0	0	1	0	0	0	0	0	0	0	0	0	0	0	1	2	0	0	1	1	0	0	0	0	0	0	0	0	0	0	0	0	0	0	0	0	0	0	0	0	0	0	0	0
TCGA-OR-A5LS-01A-11D-A29I-10	0	2	0	0	0	0	0	0	0	0	0	0	0	1	0	0	0	0	0	0	0	1	0	0	0	0	0	0	1	0	0	1	0	0	1	0	0	0	1	0	0	0	1	0	1	1	1	0	0	0	0	0	0	0	0	0	0	0	0	1	0	0	0	0	0	1	0	0	0	0	0	0	0	0	2	1	0	0	0	0	0	0	0	1	0	0	0	0	0	0	0	0	0	0	0	0
TCGA-OR-A5LT-01A-11D-A29I-10	0	0	0	1	0	1	1	1	0	1	0	0	0	0	0	0	0	0	1	0	0	0	0	0	0	0	0	0	0	0	0	0	0	1	3	1	0	0	1	0	0	0	2	1	0	0	2	0	0	0	0	0	0	0	0	0	0	0	0	0	0	0	0	0	0	0	0	0	0	0	3	0	0	1	0	0	0	0	0	0	0	0	0	0	0	0	0	0	0	0	0	0	0	0	0	0
TCGA-OU-A5PI-01A-12D-A29I-10	0	0	1	0	0	0	0	0	1	1	1	0	0	0	0	0	0	0	0	0	0	0	1	0	1	0	1	0	0	1	0	1	0	0	2	0	0	0	1	1	0	1	0	0	2	1	1	1	0	0	0	0	0	0	1	0	0	0	0	0	0	0	1	0	1	0	0	0	0	3	0	0	0	1	0	0	1	0	0	0	0	0	0	0	0	0	0	0	0	0	0	0	0	0	0	0
TCGA-P6-A5OF-01A-11D-A29I-10	0	1	0	1	1	1	0	1	0	0	1	0	1	1	0	0	0	0	0	0	0	1	0	0	0	0	0	0	0	0	0	0	0	0	2	0	3	0	1	2	2	0	1	1	1	0	4	0	0	0	2	0	0	1	0	0	0	0	0	0	0	1	0	0	0	0	1	0	0	1	1	0	0	0	0	0	0	0	0	0	0	0	0	0	0	0	0	0	0	0	0	0	0	1	0	0
TCGA-P6-A5OG-01A-22D-A29I-10	5	9	5	4	23	7	12	6	6	8	9	3	5	8	1	3	1	0	1	0	2	1	2	3	1	2	2	1	3	2	4	2	3	4	5	3	4	7	11	1	4	3	2	4	21	7	6	18	0	1	1	0	0	0	8	3	0	2	3	0	0	0	2	1	2	0	4	1	0	3	2	0	2	0	2	1	0	1	2	1	0	1	0	0	0	0	1	0	1	0	2	0	0	0	0	1
TCGA-P6-A5OH-01A-11D-A30A-10	1	1	0	1	3	2	1	1	2	0	1	0	2	2	0	2	2	3	1	2	2	2	0	1	0	3	0	2	7	5	2	4	1	2	6	2	3	1	6	1	2	5	2	1	2	5	5	2	0	1	0	2	0	1	3	1	0	0	1	0	3	2	0	3	1	2	2	2	0	3	1	1	4	0	0	0	0	1	0	0	0	2	0	0	0	2	0	0	0	1	0	0	0	0	0	0
TCGA-PA-A5YG-01A-11D-A29I-10	0	0	0	0	0	1	0	0	0	0	0	1	0	0	0	0	0	0	0	0	0	0	0	0	0	0	0	0	0	0	0	0	0	0	0	0	1	0	1	0	0	0	2	1	0	0	0	0	0	0	0	0	0	0	0	0	0	0	0	0	0	0	0	0	0	0	0	0	0	1	0	0	0	0	0	0	0	0	0	0	0	0	0	0	0	0	0	0	0	0	0	0	0	0	0	0
TCGA-PK-A5H8-01A-11D-A29I-10	0	1	0	0	0	0	0	2	1	2	0	0	2	0	0	0	0	0	0	0	0	0	0	0	0	0	0	0	0	0	1	2	0	0	0	0	1	0	0	0	0	1	0	0	1	0	2	0	0	0	0	0	0	0	0	1	0	0	0	0	0	0	0	0	2	0	0	1	0	0	1	2	0	1	0	0	0	0	0	0	0	0	1	0	0	0	0	0	0	0	0	1	0	0	0	0
TCGA-PK-A5H9-01A-11D-A29I-10	1	1	0	0	0	0	1	0	1	1	0	0	0	1	0	0	0	0	0	0	0	0	0	0	0	0	0	0	0	0	0	0	0	0	1	0	1	0	1	0	0	0	1	1	1	1	0	1	0	0	0	0	0	0	0	0	0	0	0	0	0	0	1	0	0	1	0	0	0	0	0	0	0	0	0	0	0	0	0	0	0	0	0	0	0	0	1	0	1	0	0	0	0	0	0	0
TCGA-PK-A5HA-01A-11D-A29I-10	2	0	0	0	2	2	0	1	1	1	0	1	1	1	0	2	1	1	0	1	1	0	0	1	0	0	0	0	4	0	0	3	0	1	9	1	0	1	5	0	1	3	2	0	3	2	1	0	0	2	1	0	0	1	1	0	0	1	0	0	0	0	0	0	2	0	0	1	0	0	0	0	1	0	0	0	0	0	0	0	0	0	0	0	1	1	0	0	0	0	0	0	1	0	0	0
TCGA-PK-A5HB-01A-11D-A29I-10	9	6	0	6	6	12	3	18	5	10	3	7	7	8	2	10	0	3	1	10	5	3	1	3	0	8	1	1	5	9	0	7	14	22	28	8	18	22	30	14	64	102	106	76	47	51	31	43	23	22	8	5	3	7	10	3	10	9	8	6	8	11	2	6	21	11	17	11	11	8	16	10	32	27	22	11	17	19	12	15	1	2	0	4	6	0	7	1	1	2	2	2	1	2	3	5
TCGA-PK-A5HC-01A-11D-A30A-10	1	0	0	0	1	1	1	2	1	1	0	2	4	2	0	5	0	0	0	0	2	0	0	1	0	1	0	3	7	2	1	7	0	0	1	1	0	3	0	2	2	1	1	0	2	4	1	7	0	0	0	1	0	2	1	0	0	0	0	0	0	1	0	0	2	1	0	0	0	0	0	0	1	0	0	0	0	0	0	1	0	0	0	0	0	0	0	0	0	1	0	0	0	0	0	2
